20 24
-5.52577 6.15803 17.4418
-7.72036 -3.55652 18.3425
-3.02784 -3.79813 27.1698
-0.83326 5.91643 26.2691
3.02785 3.79814 12.8302
0.833257 -5.91643 13.7309
5.52577 -6.15803 22.5582
7.72036 3.55653 21.6575
-6.62307 1.30075 17.8921
-5.3741 -3.67732 22.7562
-1.93055 1.05915 26.7195
-3.17952 6.03723 21.8554
1.93055 -1.05915 13.2805
3.17952 -6.03723 18.1446
6.62306 -1.30075 22.1079
5.3741 3.67733 17.2439
-1.24897 4.97808 15.136
-3.44355 -4.73648 16.0367
1.24896 -4.97808 24.864
3.44354 4.73648 23.9633
0 8
8 1
1 9
9 2
2 10
10 3
3 11
11 0
4 12
12 5
5 13
13 6
6 14
14 7
7 15
15 4
0 16
16 4
1 17
17 5
2 18
18 6
3 19
19 7
